0 8 10 10 1 0 0 0 0.076299 -0.050006 -0.393357 -0.001335 -0.428605 -0.049678
0 8 10 10 1 -6.21931e-05 0.000956777 1.93699e-05 0.051399 -0.0574007 -0.38548 -0.001585 -0.426912 -0.05008
0 8 10 10 0.999999 -3.81144e-05 0.00170377 2.84833e-05 0.0501218 -0.0611779 -0.385255 -0.000678 -0.429175 -0.049258
0 8 10 10 0.999997 -0.00010483 0.00244122 -3.04921e-05 0.0327798 -0.0522698 -0.346623 -0.001188 -0.42884 -0.050481
0 8 10 10 0.999994 -9.43206e-05 0.00334131 -1.79912e-05 0.0501787 -0.058652 -0.339747 -0.001836 -0.428412 -0.049684
0 8 10 10 0.999991 -6.23261e-05 0.00414381 0.000416793 0.0588992 -0.0592967 -0.347675 -0.001769 -0.428009 -0.049409
0 8 10 10 0.999988 -9.58633e-05 0.00472701 0.00081422 0.0599155 -0.0525439 -0.423589 -0.000536 -0.428647 -0.049663
0 8 10 11 0.999985 -6.33911e-05 0.00539169 0.000954061 0.0552971 -0.0905879 -0.347355 -0.001614 -0.426453 -0.049798
0 8 10 11 0.99998 -0.000228609 0.00622234 0.00110903 0.0508901 -0.102887 -0.324106 -0.001473 -0.428289 -0.049397
0 8 10 11 0.999975 -0.000666023 0.00687844 0.00150015 0.0281267 -0.0919277 -0.377146 -0.002182 -0.429749 -0.049446
0 8 10 11 0.99997 -0.000770061 0.00760464 0.00155438 0.0734602 -0.0836064 -0.385678 -0.002663 -0.427113 -0.050248
0 8 10 11 0.999967 -0.000916754 0.00778033 0.00214834 0.0699927 -0.0772644 -0.378042 -0.001685 -0.426804 -0.049809
0 8 10 11 0.999966 -0.00109256 0.00787267 0.00240335 0.0495242 -0.113337 -0.422813 -0.000586 -0.428451 -0.049395
0 8 10 11 0.999961 -0.00115668 0.00835862 0.00241519 0.0506007 -0.103023 -0.407846 -0.000863 -0.426431 -0.049791
0 8 10 11 0.999955 -0.00124028 0.00900252 0.00256492 0.0592626 -0.102026 -0.407895 -0.001009 -0.427665 -0.049533
0 8 10 11 0.999948 -0.00154297 0.00958061 0.00317278 0.0387543 -0.102234 -0.438052 -0.002518 -0.431065 -0.049075
0 8 10 11 0.999942 -0.00137203 0.0102875 0.00300054 0.0551179 -0.11885 -0.354159 -0.001555 -0.427359 -0.049941
0 8 10 11 0.999936 -0.000973596 0.0109481 0.00257006 0.0385137 -0.135096 -0.315111 0.000946 -0.427453 -0.049722
0 8 10 11 0.99993 -0.000824867 0.0115269 0.0025808 0.0556926 -0.12522 -0.330997 -0.000424 -0.426273 -0.050162
0 8 10 11 0.999919 -0.000714907 0.0123373 0.00306085 0.0642203 -0.117465 -0.293969 -0.001574 -0.423592 -0.049358
0 8 10 11 0.999909 -0.000735385 0.0130713 0.00312306 0.0732476 -0.126754 -0.354917 -0.003391 -0.425723 -0.049713
0 8 10 11 0.999907 -0.000959604 0.0132389 0.00314229 0.0441284 -0.138951 -0.37665 -0.001335 -0.426879 -0.049532
0 8 10 11 0.999906 -0.00131033 0.013288 0.0030057 0.0464067 -0.148026 -0.429126 -0.000788 -0.429035 -0.050489
0 8 10 11 0.999902 -0.00160249 0.0135822 0.00309124 0.0607203 -0.141601 -0.429632 0 -0.430313 -0.048851
0 8 10 11 0.999896 -0.00153371 0.0139784 0.00306355 0.0563892 -0.129424 -0.361267 -0.000932 -0.426851 -0.04992
0 8 10 11 0.999886 -0.00135826 0.0146986 0.00310956 0.0630223 -0.15859 -0.338146 -0.001444 -0.428091 -0.049668
0 8 10 11 0.999876 -0.00135168 0.0153018 0.00338124 0.0676498 -0.15507 -0.368877 -0.001786 -0.428395 -0.049282
0 8 10 11 0.999869 -0.00137098 0.015737 0.00338967 0.05472 -0.155965 -0.360846 -0.002436 -0.428368 -0.049978
0 8 10 11 0.999863 -0.00131906 0.0161589 0.00337274 0.0581313 -0.165889 -0.337492 -0.000752 -0.428417 -0.04992
0 8 10 11 0.99986 -0.00146259 0.0163158 0.00339822 0.0425281 -0.191178 -0.382678 -0.000842 -0.428604 -0.050072
0 8 10 11 0.999856 -0.00152823 0.0165286 0.00357175 0.0426922 -0.177718 -0.375204 -0.000433 -0.428723 -0.049653
0 8 10 11 0.999848 -0.0014945 0.0169727 0.00362555 0.0687869 -0.186206 -0.367834 -0.000267 -0.427646 -0.049905
0 8 10 11 0.999841 -0.00146371 0.0173729 0.00363008 0.0867334 -0.160005 -0.391743 -0.001444 -0.426712 -0.049532
0 8 10 11 0.999837 -0.00141826 0.0176311 0.0036313 0.0557204 -0.169755 -0.330099 -0.000234 -0.425085 -0.049473
0 8 10 11 0.99983 -0.00149792 0.0180529 0.00350371 0.0508273 -0.183368 -0.35222 -0.000146 -0.428442 -0.049365
0 8 10 11 0.999821 -0.00155872 0.0185402 0.00343562 0.0507578 -0.16694 -0.344812 -0.001004 -0.429316 -0.049127
0 8 10 11 0.999816 -0.00150892 0.0188268 0.00338141 0.0558238 -0.176598 -0.375466 -0.001098 -0.428114 -0.049127
0 8 10 12 0.999808 -0.0015164 0.0192208 0.0033884 0.0647309 -0.189955 -0.360033 -0.001894 -0.42734 -0.050087
0 8 10 12 0.999802 -0.00150564 0.0195516 0.00339315 0.0781758 -0.170657 -0.368535 -0.003164 -0.426606 -0.049716
0 8 10 12 0.999797 -0.00155694 0.0198031 0.00340948 0.0733771 -0.174124 -0.352802 -0.00186 -0.427559 -0.049409
0 8 10 12 0.999797 -0.00163208 0.0197808 0.00337835 0.0702356 -0.181408 -0.37536 -0.001074 -0.426758 -0.04979
0 8 10 12 0.999794 -0.00164733 0.0199222 0.0034928 0.0567352 -0.19815 -0.405083 -0.00039 -0.429132 -0.049525
0 8 10 12 0.999791 -0.00167405 0.0200185 0.00367378 0.052168 -0.191723 -0.374567 -0.000305 -0.428822 -0.049514
0 8 10 12 0.999786 -0.00159017 0.0203194 0.00367343 0.0740958 -0.188431 -0.329385 -0.000675 -0.425294 -0.050296
0 8 10 12 0.999778 -0.00161149 0.0206608 0.00368044 0.0657362 -0.200193 -0.34482 -0.00123 -0.425696 -0.04924
0 8 10 12 0.999772 -0.00157653 0.0209656 0.00368328 0.0560836 -0.215761 -0.366354 0.00036 -0.427871 -0.050024
0 8 10 12 0.999765 -0.00149286 0.021297 0.0036835 0.072467 -0.204099 -0.328884 -0.001225 -0.427564 -0.05006
0 8 10 12 0.999758 -0.00150734 0.0216384 0.00369001 0.0594275 -0.193369 -0.35165 -0.000845 -0.428541 -0.049387
0 8 10 12 0.99975 -0.0014795 0.0219749 0.00374697 0.0684326 -0.200565 -0.38211 -0.001124 -0.428524 -0.049671
0 8 10 12 0.999741 -0.00149554 0.022357 0.00398492 0.0775961 -0.214005 -0.351741 -0.001032 -0.426484 -0.04978
0 8 10 12 0.999733 -0.0014425 0.0226918 0.00403598 0.0548717 -0.204256 -0.297745 0.00065 -0.425586 -0.049848
0 8 10 12 0.999728 -0.00147884 0.0228993 0.004065 0.0722142 -0.229095 -0.343363 -6.9e-05 -0.428072 -0.049625
0 8 10 12 0.999721 -0.00149968 0.0231927 0.00422608 0.0901562 -0.221139 -0.389162 -0.000604 -0.428662 -0.05033
0 8 10 12 0.99971 -0.00169179 0.0235285 0.00490873 0.0789602 -0.225792 -0.404618 -0.000412 -0.427876 -0.049243
0 8 10 12 0.999706 -0.00169561 0.02368 0.00491148 0.0872118 -0.217522 -0.374085 -0.000739 -0.427723 -0.049919
0 8 10 12 0.999697 -0.00188328 0.0240297 0.00493144 0.0802431 -0.230225 -0.373679 -0.000876 -0.426869 -0.050459
0 8 10 12 0.999681 -0.00239493 0.0246148 0.00509526 0.0472731 -0.242805 -0.326613 0.001215 -0.428718 -0.049726
0 8 10 12 0.999664 -0.0028575 0.0251655 0.00554773 0.046443 -0.238384 -0.395286 -0.000231 -0.430564 -0.049396
0 8 10 12 0.999647 -0.00284567 0.0257774 0.00578818 0.0990199 -0.249351 -0.357759 -0.000734 -0.427653 -0.050455
0 8 10 12 0.999631 -0.00272888 0.0262772 0.00630981 0.107871 -0.238463 -0.381115 -0.000329 -0.425863 -0.050028
0 8 10 12 0.999618 -0.00276969 0.026621 0.00692624 0.103532 -0.271905 -0.395609 0.000834 -0.426703 -0.049731
0 8 10 12 0.999602 -0.00299762 0.0270159 0.00758757 0.108741 -0.272811 -0.349828 0.000195 -0.426371 -0.050008
0 8 10 12 0.999578 -0.00322273 0.0276952 0.00814708 0.0842133 -0.271913 -0.371962 0.001133 -0.426819 -0.049721
0 8 10 12 0.999557 -0.00355373 0.0282179 0.00872078 0.0905617 -0.277771 -0.371545 0.001991 -0.42687 -0.049829
0 8 10 12 0.999517 -0.00392848 0.0291493 0.00999403 0.106804 -0.292608 -0.386749 0.000341 -0.425647 -0.050683
0 8 10 12 0.999475 -0.00462375 0.0301211 0.0110404 0.114529 -0.290924 -0.371544 0.000461 -0.427452 -0.049068
0 8 10 12 0.999445 -0.00539884 0.0308719 0.0112928 0.163647 -0.31646 -0.356029 0.00244 -0.425198 -0.049655
0 8 10 13 0.999406 -0.00643687 0.031877 0.0113618 0.171599 -0.347963 -0.400658 0.002792 -0.424837 -0.050597
0 8 10 13 0.999346 -0.00771284 0.0332901 0.0118228 0.163228 -0.42053 -0.405459 0.009296 -0.423009 -0.050656
0 8 10 13 0.999237 -0.00924995 0.0353987 0.0136758 0.21614 -0.430891 -0.368225 0.006297 -0.423006 -0.048842
0 8 10 13 0.999067 -0.0116759 0.0386354 0.0153375 0.240524 -0.425036 -0.335721 0.005755 -0.422096 -0.050466
0 8 10 13 0.998868 -0.0145419 0.0421082 0.0166588 0.231912 -0.559344 -0.329771 0.012553 -0.424462 -0.050815
0 8 10 13 0.998596 -0.0167416 0.0464414 0.0192322 0.29829 -0.59516 -0.297917 0.012969 -0.421793 -0.049012
0 8 10 13 0.998253 -0.0195093 0.0520937 0.0199226 0.37349 -0.590176 -0.250528 0.008689 -0.418662 -0.048563
0 8 10 13 0.997975 -0.0220192 0.056774 0.0183804 0.370365 -0.712549 -0.311018 0.015039 -0.416941 -0.052559
0 8 10 13 0.997618 -0.0243322 0.0614123 0.0198817 0.397455 -0.76416 -0.361607 0.013961 -0.420365 -0.047764
0 8 10 13 0.997213 -0.0269302 0.0667493 0.0196567 0.4512 -0.807521 -0.37113 0.015646 -0.416 -0.049975
0 8 10 13 0.996814 -0.029982 0.0721219 0.016144 0.454576 -0.886543 -0.377635 0.018185 -0.418587 -0.051947
0 8 10 13 0.996347 -0.0326589 0.0772208 0.0162035 0.467282 -0.933249 -0.326461 0.018724 -0.418143 -0.048944
0 8 10 13 0.995761 -0.0358791 0.0833721 0.0148917 0.582222 -1.0023 -0.409808 0.020409 -0.416603 -0.051185
0 8 10 13 0.995076 -0.0393123 0.090088 0.0127487 0.582991 -1.0939 -0.329689 0.022469 -0.417109 -0.052057
0 8 10 13 0.994376 -0.0421629 0.0961803 0.0136822 0.587562 -1.14182 -0.312922 0.023505 -0.417829 -0.050004
0 8 10 13 0.993667 -0.0446508 0.102073 0.0145719 0.656943 -1.19297 -0.327638 0.023401 -0.41467 -0.049711
0 8 10 13 0.992774 -0.0479685 0.109208 0.013117 0.728089 -1.35628 -0.304344 0.031694 -0.411245 -0.053336
0 8 10 13 0.992054 -0.0500884 0.114487 0.0145987 0.755325 -1.46686 -0.37088 0.035881 -0.40978 -0.050913
0 8 10 13 0.99086 -0.0532684 0.122708 0.0173859 0.804357 -1.57896 -0.377599 0.039187 -0.408644 -0.050667
0 8 10 13 0.989342 -0.0574137 0.132594 0.018015 0.829042 -1.76343 -0.269746 0.044778 -0.407415 -0.053706
0 8 10 13 0.987684 -0.0614028 0.142275 0.0216243 0.86653 -1.78914 -0.243326 0.039351 -0.411502 -0.050118
0 8 10 13 0.985789 -0.0654213 0.152676 0.0251061 0.887209 -1.91388 -0.171209 0.042868 -0.410382 -0.051746
0 8 10 13 0.98409 -0.0681978 0.161657 0.0279864 0.924446 -1.98249 -0.211949 0.041688 -0.407746 -0.050152
0 8 10 13 0.982796 -0.0700521 0.168208 0.0301801 0.948745 -2.03872 -0.339986 0.043523 -0.405532 -0.051191
0 8 10 13 0.981452 -0.0722762 0.174562 0.0324992 0.949217 -2.20162 -0.319085 0.052413 -0.406596 -0.052003
0 8 10 13 0.979898 -0.0744277 0.181615 0.0357316 0.997345 -2.25264 -0.293005 0.05328 -0.40378 -0.051678
0 8 10 13 0.978277 -0.0769155 0.188619 0.0384943 0.985162 -2.40721 -0.284998 0.059677 -0.405944 -0.051095
0 8 10 13 0.976377 -0.0793182 0.196566 0.0419365 1.00659 -2.48738 -0.269165 0.058911 -0.406359 -0.050986
0 8 10 13 0.974046 -0.0816094 0.206137 0.0456234 0.999194 -2.60489 -0.306993 0.061549 -0.409631 -0.051216
0 8 10 13 0.972092 -0.0834003 0.214269 0.0465955 1.01074 -2.77211 -0.270882 0.068739 -0.407574 -0.052865
0 8 10 14 0.969516 -0.084246 0.224654 0.0497108 1.05601 -2.82372 -0.24153 0.065662 -0.404726 -0.050771
0 8 10 14 0.966962 -0.0847405 0.234859 0.0514167 1.01206 -2.99544 -0.257822 0.076245 -0.406062 -0.051279
0 8 10 14 0.964656 -0.0847873 0.244235 0.0509798 0.968244 -3.15719 -0.201213 0.080909 -0.407513 -0.051279
0 8 10 14 0.961666 -0.0829005 0.256204 0.0518184 1.01098 -3.2382 -0.164328 0.077537 -0.40408 -0.05162
0 8 10 14 0.958722 -0.0805408 0.267904 0.0509112 1.02841 -3.41068 -0.221641 0.085559 -0.401008 -0.053391
0 8 10 14 0.955803 -0.0783749 0.278699 0.0512392 1.01973 -3.42723 -0.315497 0.079754 -0.400486 -0.052921
0 8 10 14 0.952227 -0.0760339 0.291056 0.0526238 0.996008 -3.6372 -0.237646 0.08737 -0.39723 -0.05049
0 8 10 14 0.948513 -0.0758737 0.302967 0.0527061 0.94789 -3.76583 -0.216084 0.092573 -0.401204 -0.052531
0 8 10 14 0.945343 -0.0763516 0.312477 0.0534427 0.839891 -3.84981 -0.226802 0.089282 -0.405159 -0.053499
0 8 10 14 0.940918 -0.0763331 0.324891 0.0573775 0.834671 -3.98012 -0.157085 0.092809 -0.409719 -0.049499
0 8 10 14 0.937104 -0.0766514 0.335398 0.0588924 0.851052 -4.07371 -0.146566 0.093707 -0.40597 -0.052421
0 8 10 14 0.934176 -0.0764978 0.343301 0.0600689 0.788858 -4.17781 -0.1679 0.099131 -0.411169 -0.051771
0 8 10 14 0.931234 -0.0750606 0.350935 0.0633532 0.760255 -4.27797 -0.21612 0.104617 -0.40932 -0.049986
0 8 10 14 0.928337 -0.0750156 0.358424 0.0639935 0.728411 -4.38872 -0.138309 0.111002 -0.405131 -0.053534
0 8 10 14 0.925075 -0.074421 0.366383 0.0667904 0.717298 -4.46315 -0.1763 0.107984 -0.407718 -0.052176
0 8 10 14 0.922582 -0.0740068 0.372137 0.0698474 0.715579 -4.56418 -0.138407 0.11443 -0.407254 -0.051428
0 8 10 14 0.91685 -0.0751935 0.38497 0.07436 0.646146 -4.63828 -0.206585 0.11256 -0.411902 -0.051965
0 8 10 14 0.912798 -0.0755023 0.393697 0.0781102 0.676416 -4.71987 -0.161247 0.111715 -0.408641 -0.050609
0 8 10 14 0.909176 -0.0766438 0.401211 0.0809573 0.625604 -4.88874 -0.137105 0.1209 -0.410059 -0.052371
0 8 10 14 0.905038 -0.0779958 0.409419 0.0848494 0.579739 -4.95778 -0.103159 0.124307 -0.414318 -0.052305
0 8 10 14 0.901172 -0.0779969 0.417025 0.0888558 0.607302 -5.0892 -0.0907793 0.12872 -0.41019 -0.05038
0 8 10 14 0.896798 -0.0793228 0.425812 0.0902551 0.597363 -5.16648 -0.166398 0.130254 -0.409496 -0.053465
0 8 10 14 0.891574 -0.0802074 0.435805 0.0934746 0.601769 -5.19036 -0.108977 0.126168 -0.409685 -0.050619
0 8 10 14 0.886904 -0.0810155 0.444556 0.0959525 0.574773 -5.20639 -0.139603 0.124923 -0.410365 -0.050144
0 8 10 14 0.882137 -0.0826119 0.453252 0.0978405 0.524775 -5.32732 -0.0873496 0.13117 -0.414293 -0.052958
0 8 10 14 0.877633 -0.0834656 0.461213 0.100381 0.493609 -5.32149 -0.107039 0.126828 -0.414784 -0.050819
0 8 10 14 0.874202 -0.0839533 0.467204 0.102186 0.417204 -5.5168 -0.0619304 0.14194 -0.417832 -0.05065
0 8 10 14 0.870435 -0.0846991 0.473839 0.103179 0.430467 -5.60915 -0.0930563 0.143575 -0.417193 -0.052905
0 8 10 14 0.865727 -0.0842104 0.481946 0.105615 0.415433 -5.6115 -0.0351785 0.139126 -0.417731 -0.050479
0 8 10 14 0.862167 -0.0835895 0.488027 0.107292 0.47655 -5.54461 -0.0225726 0.131897 -0.412539 -0.051066
0 8 10 15 0.858129 -0.0840171 0.494893 0.107871 0.437183 -5.57236 -0.0975808 0.128327 -0.413161 -0.05243
0 8 10 15 0.855094 -0.0838837 0.499778 0.109539 0.352254 -5.74152 -0.0736837 0.1428 -0.419676 -0.050554
0 8 10 15 0.852702 -0.0836265 0.503771 0.110089 0.354912 -5.77971 0.0298617 0.144274 -0.412725 -0.052329
0 8 10 15 0.849725 -0.0829372 0.508432 0.112181 0.343463 -5.7253 -0.0856399 0.135667 -0.417946 -0.051993
0 8 10 15 0.847328 -0.0820994 0.512008 0.114639 0.24068 -5.87234 -0.0867332 0.147014 -0.423678 -0.050484
0 8 10 15 0.845222 -0.0812522 0.515382 0.115668 0.292472 -5.94619 -0.0713836 0.150685 -0.415602 -0.052735
0 8 10 15 0.842002 -0.0801411 0.520277 0.117995 0.32659 -5.82416 -0.105028 0.13787 -0.414422 -0.050565
0 8 10 15 0.839275 -0.0800811 0.524115 0.120446 0.234869 -5.9718 -0.0490287 0.148774 -0.421513 -0.049877
0 8 10 15 0.837179 -0.0807545 0.527168 0.121262 0.267112 -5.91535 -0.127681 0.1443 -0.415326 -0.052151
0 8 10 15 0.834954 -0.0811885 0.530156 0.123265 0.153807 -6.04003 -0.0694714 0.152564 -0.424497 -0.051293
0 8 10 15 0.832166 -0.0808288 0.533805 0.126563 0.126017 -6.19649 -0.0386453 0.166681 -0.422917 -0.051653
0 8 10 15 0.828639 -0.0810573 0.538768 0.128518 0.180439 -6.03724 -0.147375 0.148348 -0.41794 -0.050319
0 8 10 15 0.824036 -0.0816164 0.545106 0.131009 0.0972965 -6.0713 -0.081416 0.15146 -0.42536 -0.050418
0 8 10 15 0.81972 -0.0818992 0.550979 0.133317 0.0663966 -6.12932 -0.0822479 0.150293 -0.424797 -0.051002
0 8 10 15 0.816081 -0.0818916 0.556049 0.134592 0.100232 -6.06781 -0.0999225 0.146405 -0.422526 -0.050843
0 8 10 15 0.81243 -0.0819268 0.561133 0.135555 0.0543668 -6.1685 -0.0723923 0.154819 -0.423778 -0.051815
0 8 10 15 0.808765 -0.0817732 0.566165 0.136636 -0.00907009 -6.17736 -0.0715583 0.153313 -0.424802 -0.05121
0 8 10 15 0.805551 -0.0816822 0.570523 0.137543 -0.0407552 -6.26376 -0.0660755 0.157684 -0.425576 -0.051224
0 8 10 15 0.801718 -0.0818923 0.575485 0.139136 -0.0891311 -6.27553 -0.0180459 0.158347 -0.42907 -0.051232
0 8 10 15 0.797946 -0.0816959 0.580322 0.140835 -0.0892157 -6.22679 -0.0963401 0.151816 -0.431116 -0.05134
0 8 10 15 0.794371 -0.0806573 0.584926 0.142588 -0.1805 -6.25642 0.0476269 0.152434 -0.433559 -0.050784
0 8 10 15 0.79129 -0.078408 0.589002 0.144182 -0.137694 -6.29711 0.0390037 0.156055 -0.42955 -0.049965
0 8 10 15 0.789141 -0.0779214 0.592249 0.142918 -0.106367 -6.41144 0.00675914 0.162673 -0.424418 -0.054323
0 8 10 15 0.786121 -0.0757506 0.59586 0.145691 -0.188219 -6.38019 0.00160019 0.160729 -0.429693 -0.048088
0 8 10 15 0.782478 -0.0742147 0.600223 0.148168 -0.162647 -6.42228 -0.00937849 0.162299 -0.425372 -0.051388
0 8 10 15 0.778859 -0.0754332 0.60469 0.148455 -0.162161 -6.34196 -0.027086 0.152358 -0.425618 -0.053062
0 8 10 15 0.775515 -0.0750056 0.608289 0.151445 -0.257072 -6.27475 -0.0596681 0.14861 -0.430896 -0.049731
0 8 10 15 0.773518 -0.0742233 0.610158 0.154495 -0.372227 -6.39246 0.0146404 0.159281 -0.436769 -0.050388
0 8 10 15 0.771747 -0.0729923 0.612051 0.156437 -0.414515 -6.45218 -0.0684725 0.161206 -0.437498 -0.050359
0 8 10 15 0.770614 -0.0720942 0.613442 0.15699 -0.424668 -6.49807 0.0127938 0.166179 -0.436368 -0.051396
0 8 10 16 0.76824 -0.0697948 0.616141 0.15908 -0.44817 -6.44185 -0.0605279 0.161618 -0.437115 -0.049538
0 8 10 16 0.765416 -0.0681242 0.619536 0.160227 -0.475534 -6.54872 -0.0300534 0.167844 -0.436291 -0.051771
0 8 10 16 0.762373 -0.0667392 0.623223 0.161015 -0.508386 -6.52393 -0.0610596 0.166877 -0.437346 -0.051825
0 8 10 16 0.757928 -0.0641269 0.628366 0.16306 -0.547806 -6.48606 0.0243954 0.162569 -0.437974 -0.049523
0 8 10 16 0.753385 -0.0617888 0.633672 0.164476 -0.565137 -6.48703 0.0524452 0.160869 -0.438581 -0.049313
0 8 10 16 0.749885 -0.0608979 0.637975 0.164169 -0.584826 -6.4427 -0.0260043 0.157044 -0.436926 -0.051069
0 8 10 16 0.74608 -0.0591188 0.642361 0.165052 -0.666981 -6.53185 0.00729251 0.163691 -0.44064 -0.051305
0 8 10 16 0.741805 -0.0570284 0.647063 0.166682 -0.694546 -6.5323 -0.0524605 0.162401 -0.440852 -0.050829
0 8 10 16 0.737444 -0.0548824 0.651748 0.168491 -0.738965 -6.54759 -0.0347048 0.163349 -0.44405 -0.049615
0 8 10 16 0.731924 -0.0531475 0.657832 0.16947 -0.724111 -6.53832 -0.0432964 0.163306 -0.440814 -0.050412
0 8 10 16 0.726464 -0.0517262 0.663777 0.170218 -0.772796 -6.50928 -0.0972856 0.160814 -0.442857 -0.050804
0 8 10 16 0.720382 -0.0498385 0.670227 0.171355 -0.875438 -6.55462 -0.0306626 0.16224 -0.443575 -0.049153
0 8 10 16 0.713373 -0.048277 0.677509 0.17248 -0.917997 -6.546 0.0441145 0.161689 -0.44652 -0.050273
0 8 10 16 0.705961 -0.0469823 0.685068 0.173474 -0.977351 -6.52273 -0.0748435 0.164818 -0.448225 -0.052265
0 8 10 16 0.698131 -0.0445933 0.692777 0.175166 -1.10204 -6.64238 0.0520285 0.167715 -0.452196 -0.04815
0 8 10 16 0.689108 -0.0429622 0.701593 0.176216 -1.13247 -6.62644 0.0827338 0.168304 -0.453917 -0.049509
0 8 10 16 0.678685 -0.0418736 0.711837 0.175846 -1.14835 -6.62992 -0.0532245 0.17239 -0.455344 -0.051608
0 8 10 16 0.666755 -0.0382308 0.723045 0.176586 -1.09154 -6.40862 -0.123639 0.153417 -0.448262 -0.04677
0 8 10 16 0.654797 -0.0354207 0.734245 0.175701 -1.17149 -6.37469 -0.0944599 0.15294 -0.448503 -0.052083
0 8 10 16 0.639721 -0.031831 0.747976 0.174 -1.28352 -6.35249 -0.0401536 0.148745 -0.458238 -0.048803
0 8 10 16 0.630008 -0.0282444 0.756539 0.173035 -1.45084 -6.4615 0.0374557 0.158145 -0.460861 -0.049228
0 8 10 16 0.617621 -0.0241125 0.767261 0.171095 -1.57 -6.48648 0.0374468 0.163672 -0.467317 -0.048873
0 8 10 16 0.604027 -0.0179301 0.778317 0.170447 -1.66979 -6.52153 0.0492197 0.169659 -0.474307 -0.04715
0 8 10 16 0.590715 -0.0119055 0.788998 0.168512 -1.6306 -6.43287 0.0447064 0.163931 -0.464831 -0.048897
0 8 10 16 0.574394 -0.00464894 0.801523 0.166168 -1.66475 -6.31968 0.109059 0.159234 -0.464386 -0.046625
0 8 10 16 0.558655 0.00108554 0.813054 0.163849 -1.75302 -6.35464 0.165756 0.16475 -0.467699 -0.051638
0 8 10 16 0.543851 0.00672223 0.823091 0.163407 -1.65882 -6.06234 0.114945 0.142843 -0.461607 -0.049187
0 8 10 16 0.528562 0.0118849 0.833154 0.16228 -1.65804 -6.08067 0.123004 0.147934 -0.460497 -0.045934
0 8 10 16 0.51707 0.010976 0.841123 0.158208 -1.69765 -6.04504 0.082155 0.153124 -0.459072 -0.054314
0 8 10 16 0.506215 0.0150657 0.847614 0.158334 -1.89079 -5.92251 0.119442 0.148993 -0.477604 -0.044345
0 8 10 17 0.495647 0.0174683 0.854251 0.15583 -1.88138 -6.00496 0.155918 0.157351 -0.467515 -0.051449
0 8 10 17 0.483189 0.0198701 0.861588 0.154268 -1.93546 -5.79845 0.171614 0.147323 -0.474476 -0.050215
0 8 10 17 0.471036 0.0249987 0.867842 0.156045 -1.91956 -5.63468 0.204186 0.143411 -0.475497 -0.044134
0 8 10 17 0.45805 0.0228042 0.875262 0.153581 -1.78767 -5.42697 0.0274072 0.129864 -0.460382 -0.052325
0 8 10 17 0.444649 0.0230908 0.882306 0.15261 -1.85401 -5.32178 0.072884 0.126044 -0.474494 -0.04473
0 8 10 17 0.43401 0.0230723 0.888051 0.149898 -1.78047 -5.13976 0.0106343 0.120407 -0.468488 -0.050153
0 8 10 17 0.422019 0.0239077 0.894584 0.14508 -1.83158 -5.03787 -0.000453533 0.117196 -0.471774 -0.050174
0 8 10 17 0.409183 0.0288891 0.90113 0.140354 -1.83527 -4.96415 0.104309 0.119099 -0.473868 -0.046885
0 8 10 17 0.398068 0.0307761 0.907049 0.133627 -1.65242 -4.79811 -0.0107341 0.109484 -0.457385 -0.051678
0 8 10 17 0.384869 0.0365805 0.913287 0.128232 -1.70504 -4.75546 0.125671 0.113132 -0.471516 -0.047478
0 8 10 17 0.371594 0.0419321 0.919385 0.122029 -1.66815 -4.67367 0.128811 0.114351 -0.463196 -0.050637
0 8 10 17 0.36083 0.0465793 0.923986 0.117822 -1.63999 -4.53875 0.125887 0.108684 -0.464592 -0.048675
0 8 10 17 0.345451 0.0539875 0.930059 0.112868 -1.53522 -4.45398 0.152935 0.111351 -0.456807 -0.04894
0 8 10 17 0.328893 0.0580567 0.936426 0.107541 -1.38912 -4.19992 0.215481 0.098577 -0.443127 -0.052738
0 8 10 17 0.3144 0.0632834 0.941216 0.106114 -1.56544 -4.05686 0.198872 0.097267 -0.463136 -0.044324
0 8 10 17 0.298743 0.0644275 0.946516 0.103484 -1.62551 -3.94958 0.233982 0.093172 -0.464642 -0.052723
0 8 10 17 0.282965 0.0688993 0.951223 0.101779 -1.76021 -3.73157 0.282449 0.086943 -0.480501 -0.044277
0 8 10 17 0.270394 0.0717672 0.955059 0.0979765 -1.73659 -3.74941 0.317388 0.097684 -0.477521 -0.049465
0 8 10 17 0.254199 0.0739841 0.959996 0.0911967 -1.58738 -3.43277 0.241296 0.084945 -0.465033 -0.056139
0 8 10 17 0.23598 0.0835783 0.964299 0.0863458 -1.51824 -3.28511 0.24026 0.076635 -0.472856 -0.042817
0 8 10 17 0.223006 0.0874414 0.967551 0.0804195 -1.25066 -3.00616 0.317879 0.066772 -0.445416 -0.051665
0 8 10 17 0.206742 0.09134 0.971436 0.0722968 -1.04644 -2.80531 0.246291 0.058384 -0.439795 -0.051757
0 8 10 17 0.191564 0.0959986 0.974575 0.0655058 -0.952656 -2.75477 0.286473 0.062526 -0.441748 -0.049341
0 8 10 17 0.17966 0.0974013 0.977049 0.0600913 -0.830878 -2.54851 0.239088 0.052264 -0.43076 -0.050398
0 8 10 17 0.167981 0.0969029 0.979374 0.0567389 -0.815396 -2.53309 0.265572 0.064802 -0.431623 -0.050153
0 8 10 17 0.15536 0.095588 0.981555 0.0572352 -0.692898 -2.33918 0.226872 0.051638 -0.426655 -0.053361
0 8 10 17 0.143167 0.0956507 0.983207 0.0604809 -0.936529 -2.21208 0.13776 0.054346 -0.448192 -0.044038
0 8 10 17 0.129297 0.086303 0.985804 0.0634373 -1.09793 -2.02685 0.181869 0.05116 -0.451524 -0.054585
0 8 10 17 0.11308 0.0807642 0.988033 0.0669338 -1.23385 -1.65842 0.193019 0.031592 -0.463489 -0.050304
0 8 10 17 0.0984971 0.0789168 0.989631 0.0685699 -1.32248 -1.50601 0.220302 0.027162 -0.472442 -0.047682
0 8 10 18 0.0834014 0.0724285 0.991714 0.0655853 -1.07903 -1.07874 0.190876 0.002799 -0.448422 -0.054189
0 8 10 18 0.0712448 0.072181 0.99291 0.0620003 -1.10658 -0.910769 0.266427 -0.000738 -0.458966 -0.048563
0 8 10 18 0.0648346 0.0732679 0.993547 0.0573873 -0.888203 -0.771303 0.245657 -0.008483 -0.445552 -0.048145
0 8 10 18 0.060293 0.0728657 0.994266 0.0499133 -0.866377 -0.91017 0.22508 0.009297 -0.445759 -0.05328
0 8 10 18 0.0566273 0.0763161 0.994559 0.0426705 -0.703018 -1.01828 0.217806 0.02059 -0.442328 -0.050458
0 8 10 18 0.0521687 0.0795085 0.994834 0.0355376 -0.360849 -1.00148 0.157002 0.025261 -0.419338 -0.049847
0 8 10 18 0.0438207 0.0791525 0.995474 0.029105 -0.0578683 -0.914012 0.105498 0.021614 -0.404758 -0.051586
0 8 10 18 0.0322378 0.0761062 0.996222 0.0266572 0.135385 -0.600634 0.01806 0.002509 -0.389738 -0.053824
0 8 10 18 0.021647 0.0718462 0.996715 0.0304727 0.0466913 -0.309121 0.0235557 -0.017575 -0.401132 -0.052245
0 8 10 18 0.0129546 0.0675654 0.996881 0.0386775 -0.402312 -0.182287 -0.0154049 -0.016536 -0.429046 -0.049649
0 8 10 18 0.00542205 0.0585964 0.996947 0.0513262 -0.837269 -0.136157 -0.0435528 -0.020163 -0.45361 -0.05216
0 8 10 18 0.00230046 0.0569875 0.996652 0.058589 -1.08535 -0.0574704 -0.0231374 -0.015325 -0.472084 -0.043658
0 8 10 18 -0.000445144 0.0509051 0.996674 0.0636353 -1.13343 -0.229171 -0.00521663 -0.007154 -0.464658 -0.053613
0 8 10 18 -0.00334419 0.0508883 0.996583 0.0649688 -1.01484 -0.15355 0.0404021 -0.010095 -0.460931 -0.046487
0 8 10 18 -0.00596942 0.0519907 0.996649 0.0628601 -0.737918 -0.132856 0.104146 -0.009496 -0.435182 -0.049064
0 8 10 18 -0.00857435 0.0497955 0.996909 0.0601672 -0.5373 -0.094824 0.0262929 -0.009604 -0.419366 -0.053402
0 8 10 18 -0.0112998 0.0515636 0.996726 0.06125 -0.723321 -0.148572 0.067763 -0.00413 -0.441408 -0.045168
0 8 10 18 -0.0139458 0.0475605 0.996805 0.0626391 -0.764974 -0.172035 -0.00614988 -0.000283 -0.439027 -0.051673
0 8 10 18 -0.0190066 0.0441672 0.996696 0.0654532 -0.913671 -0.0624702 -0.00823141 -0.003605 -0.450742 -0.04999
0 8 10 18 -0.0267731 0.0436863 0.996344 0.0683663 -0.9707 0.0271758 0.0161924 -0.008701 -0.451903 -0.049345
0 8 10 18 -0.0343344 0.042063 0.996098 0.0695758 -0.925434 0.300587 -0.0253777 -0.022505 -0.446245 -0.049735
0 8 10 18 -0.0427135 0.0391646 0.995816 0.0706544 -0.940744 0.354748 0.0608534 -0.025417 -0.445761 -0.051423
0 8 10 18 -0.0488764 0.0385187 0.995533 0.070998 -0.852101 0.476731 0.0816614 -0.029208 -0.438936 -0.04769
0 8 10 18 -0.0533568 0.0347186 0.995407 0.0715063 -0.871247 0.465583 -0.00247537 -0.026003 -0.437388 -0.053409
0 8 10 18 -0.0579713 0.0348496 0.994978 0.073782 -0.956188 0.587827 0.0589891 -0.029958 -0.44828 -0.047663
0 8 10 18 -0.0613844 0.0333164 0.994668 0.0758741 -1.02175 0.457232 -0.0388943 -0.017544 -0.44911 -0.050284
0 8 10 18 -0.0645512 0.0285348 0.994469 0.0777865 -1.03543 0.561547 0.00867456 -0.022043 -0.446195 -0.053228
0 8 10 18 -0.070267 0.0299751 0.993849 0.0801754 -1.08352 0.68973 0.0584209 -0.028649 -0.453214 -0.046722
0 8 10 18 -0.0757543 0.0268092 0.993434 0.0814386 -1.11261 0.753913 0.0902901 -0.030109 -0.448677 -0.050646
0 8 10 18 -0.0804796 0.0236105 0.993052 0.0825433 -1.18972 0.867951 -0.0232616 -0.037521 -0.452894 -0.051618
0 8 10 19 -0.0853552 0.0254049 0.992559 0.0830386 -1.11966 1.01699 0.0406895 -0.048381 -0.457235 -0.046017
0 8 10 19 -0.0877774 0.0227151 0.992529 0.0816474 -1.02241 1.06166 -0.000441084 -0.048894 -0.443613 -0.051198
0 8 10 19 -0.0872777 0.020297 0.992631 0.0815689 -1.10077 0.961056 0.0212161 -0.038861 -0.449442 -0.052422
0 8 10 19 -0.0866113 0.0235287 0.992624 0.0814959 -1.07371 1.0425 0.0394627 -0.04769 -0.453102 -0.045285
0 8 10 19 -0.0838334 0.0231489 0.992938 0.0806848 -1.05885 0.86671 0.0497581 -0.031768 -0.446835 -0.05055
0 8 10 19 -0.0817152 0.0219511 0.993193 0.0800506 -0.996987 0.813387 0.0140183 -0.031553 -0.443112 -0.051327
0 8 10 19 -0.0808879 0.0238861 0.993254 0.0795762 -0.964064 0.870191 0.0577509 -0.038037 -0.446083 -0.047753
0 8 10 19 -0.0791906 0.0219717 0.993459 0.079274 -1.01797 0.811616 -0.0205975 -0.032256 -0.444062 -0.050558
0 8 10 19 -0.0777485 0.0198902 0.993575 0.0798042 -1.00221 0.831982 0.0247143 -0.035831 -0.44506 -0.050122
0 8 10 19 -0.0754601 0.020794 0.993716 0.0800164 -1.03645 0.866635 0.00199919 -0.04116 -0.452611 -0.045355
0 8 10 19 -0.0701879 0.0156711 0.994193 0.0800528 -1.02944 0.717821 -0.0176692 -0.034864 -0.448123 -0.055128
0 8 10 19 -0.0643933 0.0177068 0.994604 0.0793941 -0.976462 0.780634 -0.0417043 -0.042793 -0.448629 -0.045786
0 8 10 19 -0.0560846 0.017181 0.995171 0.0787067 -0.949156 0.563214 -0.0295268 -0.031548 -0.441385 -0.050511
0 8 10 19 -0.0438552 0.0153611 0.995803 0.078847 -0.972057 0.340388 0.097271 -0.022416 -0.450689 -0.048109
0 8 10 19 -0.0323768 0.0146056 0.996281 0.0784992 -1.0064 0.0353947 0.0791516 -0.007111 -0.450589 -0.047777
0 8 10 19 -0.0193759 0.0089996 0.996723 0.0780122 -1.01148 -0.125411 -0.00500508 -0.003797 -0.447882 -0.050647
0 8 10 19 -0.00740385 0.005929 0.996916 0.0778971 -1.04933 -0.239637 0.0289707 -0.000415 -0.452879 -0.047605
0 8 10 19 0.00233564 0.00143902 0.996948 0.078015 -1.08182 -0.472344 0.0959299 0.00878 -0.451688 -0.051892
0 8 10 19 0.0119982 -0.000359614 0.996895 0.0778163 -0.964943 -0.393492 0.131778 -0.009876 -0.447304 -0.048901
0 8 10 19 0.0234399 -0.00277477 0.996692 0.0777647 -1.01848 -0.582346 0.157156 0.000441 -0.450118 -0.050359
0 8 10 19 0.0351693 -0.00665972 0.996363 0.077328 -0.914356 -0.661555 0.0199206 -0.003443 -0.445721 -0.049787
0 8 10 19 0.050935 -0.0106742 0.995745 0.0760449 -0.906319 -0.745674 0.110889 -0.004445 -0.449225 -0.048876
0 8 10 19 0.0707096 -0.0164975 0.994644 0.0735613 -0.907988 -1.02007 0.0855426 -0.000639 -0.453675 -0.050416
0 8 10 19 0.0884028 -0.0205795 0.993373 0.0705084 -0.86462 -1.3536 0.0518469 0.017299 -0.451287 -0.050382
0 8 10 19 0.113567 -0.0234593 0.991139 0.0647675 -0.750233 -1.70362 0.114978 0.026414 -0.448727 -0.047075
0 8 10 19 0.14127 -0.0288979 0.987917 0.0568093 -0.547237 -2.12507 0.0925146 0.039665 -0.438178 -0.052909
0 8 10 19 0.166245 -0.0341414 0.98425 0.0494931 -0.435835 -2.59245 0.288276 0.06447 -0.430642 -0.052558
0 8 10 19 0.19271 -0.0358129 0.979638 0.0434714 -0.170585 -2.78489 0.172728 0.0542 -0.419502 -0.048722
0 8 10 19 0.219335 -0.0400091 0.974065 0.0385736 -0.320171 -3.20262 0.288754 0.076659 -0.432705 -0.050132
0 8 10 19 0.242405 -0.0438014 0.968532 0.0356034 -0.339217 -3.53585 0.323448 0.091317 -0.438347 -0.050646
0 8 10 20 0.265809 -0.0471839 0.962354 0.0315255 -0.128653 -3.57214 0.129232 0.072406 -0.436265 -0.051489
0 8 10 20 0.292345 -0.0495693 0.954702 0.0249322 -0.123885 -3.76452 0.433824 0.069776 -0.435139 -0.048369
0 8 10 20 0.320045 -0.0530898 0.945744 0.0179107 0.0729438 -4.22573 0.258989 0.097014 -0.426953 -0.053671
0 8 10 20 0.347419 -0.0530672 0.936148 0.0105133 0.203521 -4.51877 0.113187 0.101304 -0.431258 -0.050995
0 8 10 20 0.379919 -0.0471484 0.923817 6.65304e-05 0.291846 -4.90252 0.49595 0.115315 -0.421629 -0.048061
0 8 10 20 0.410407 -0.0450447 0.910727 -0.0106789 0.656512 -5.35572 0.4575 0.140427 -0.405252 -0.05695
0 8 10 20 0.442928 -0.0387052 0.895499 -0.0199691 0.745608 -5.68832 0.449549 0.155129 -0.408064 -0.047547
0 8 10 20 0.470945 -0.0365582 0.880903 -0.0297485 0.980179 -6.04993 0.548801 0.169889 -0.387494 -0.055897
0 8 10 20 0.490752 -0.0350434 0.869928 -0.0340696 1.01857 -5.86328 0.390305 0.140138 -0.3987 -0.048531
0 8 10 20 0.512925 -0.0354837 0.856872 -0.0376671 1.04778 -6.0089 0.240295 0.151294 -0.396509 -0.052356
0 8 10 20 0.53383 -0.0408318 0.843505 -0.0430982 0.979966 -6.17416 0.253504 0.153144 -0.40804 -0.054928
0 8 10 20 0.551786 -0.041415 0.831679 -0.0461305 0.938916 -6.20869 0.376486 0.153672 -0.411213 -0.04921
0 8 10 20 0.571447 -0.0444933 0.81786 -0.0507261 0.997356 -6.50568 0.366921 0.170996 -0.408504 -0.053884
0 8 10 20 0.589496 -0.0446054 0.80477 -0.053381 1.06144 -6.30913 0.279871 0.151999 -0.408217 -0.046886
0 8 10 20 0.603058 -0.0470398 0.794224 -0.0575884 1.25828 -6.60587 0.362635 0.173457 -0.390284 -0.056015
0 8 10 20 0.62006 -0.0503746 0.780613 -0.0602507 1.21949 -6.61411 0.293346 0.166037 -0.404021 -0.050799
0 8 10 20 0.636611 -0.0527714 0.766883 -0.0619038 1.2802 -6.54617 0.337465 0.162819 -0.401206 -0.050695
0 8 10 20 0.651269 -0.0574885 0.753762 -0.0662317 1.42474 -6.71323 0.29878 0.173553 -0.392225 -0.055257
0 8 10 20 0.667283 -0.0595917 0.739256 -0.0684267 1.34796 -6.53275 0.261487 0.154307 -0.405428 -0.049726
0 8 10 20 0.684261 -0.0615826 0.722973 -0.0728357 1.56448 -6.61385 0.245055 0.168264 -0.388064 -0.053698
0 8 10 20 0.698622 -0.0641362 0.708388 -0.0774605 1.58948 -6.62266 0.203902 0.166148 -0.394175 -0.053246
0 8 10 20 0.715189 -0.0644478 0.691193 -0.0812623 1.56554 -6.46466 0.240443 0.157885 -0.393626 -0.048191
0 8 10 20 0.73205 -0.0669975 0.672179 -0.0882586 1.80639 -6.62888 0.19111 0.175977 -0.376845 -0.056904
0 8 10 20 0.743151 -0.068315 0.659454 -0.0904439 1.693 -6.33863 0.153534 0.148412 -0.392198 -0.052065
0 8 10 20 0.757591 -0.0693211 0.642434 -0.0923456 1.83968 -6.40696 0.132393 0.16436 -0.37854 -0.05115
0 8 10 20 0.770966 -0.0744546 0.624969 -0.0973738 1.92623 -6.37595 0.092798 0.160717 -0.377045 -0.055544
0 8 10 20 0.781797 -0.077907 0.610825 -0.0980676 1.95728 -6.01436 0.0630659 0.131045 -0.377208 -0.04888
0 8 10 20 0.796097 -0.0853539 0.59063 -0.100502 1.93122 -6.0958 0.0983179 0.154923 -0.387836 -0.050615
0 8 10 20 0.809667 -0.095109 0.56925 -0.106525 1.7923 -6.23949 0.120641 0.167107 -0.403417 -0.055472
0 8 10 20 0.8207 -0.0968839 0.552588 -0.108222 1.79693 -5.76194 0.0503854 0.138806 -0.400909 -0.049569
0 8 10 21 0.832742 -0.0973462 0.533169 -0.113117 1.9791 -5.52205 -0.0248857 0.125056 -0.382872 -0.055093
0 8 10 21 0.845839 -0.0951153 0.512531 -0.113235 1.73133 -5.16397 -0.00197132 0.103988 -0.405023 -0.052798
0 8 10 21 0.859471 -0.0899068 0.490789 -0.111145 1.66062 -5.26157 -0.0524643 0.130596 -0.403764 -0.04924
0 8 10 21 0.87373 -0.0833952 0.466001 -0.111734 1.79107 -5.1315 -0.165503 0.125523 -0.382979 -0.057582
0 8 10 21 0.885415 -0.0755541 0.446532 -0.104604 1.41445 -4.81813 -0.120793 0.108078 -0.408462 -0.051426
0 8 10 21 0.897054 -0.0663791 0.426257 -0.0958761 1.33462 -4.63484 -0.170513 0.099459 -0.412224 -0.049134
0 8 10 21 0.910567 -0.054152 0.400103 -0.0886201 1.27056 -4.56253 -0.0158816 0.103159 -0.400494 -0.051962
0 8 10 21 0.924145 -0.0413822 0.370869 -0.0818505 1.08611 -4.47895 -0.0666519 0.117248 -0.403319 -0.051936
0 8 10 21 0.934748 -0.0306039 0.345978 -0.0748946 0.932406 -4.28839 -0.135112 0.112081 -0.404003 -0.049259
0 8 10 21 0.944591 -0.0204864 0.320401 -0.0683505 0.83186 -4.08697 -0.102855 0.111091 -0.400345 -0.052338
0 8 10 21 0.952458 -0.0137837 0.298096 -0.0614286 0.670344 -3.74963 -0.134379 0.096015 -0.407511 -0.049616
0 8 10 21 0.958042 -0.0111251 0.28075 -0.0566627 0.542314 -3.53734 -0.149387 0.091361 -0.414088 -0.051028
0 8 10 21 0.96266 -0.00979164 0.265436 -0.0522903 0.433142 -3.22247 -0.250394 0.071772 -0.419179 -0.048995
0 8 10 21 0.968133 -0.00886496 0.245725 -0.0475332 0.301732 -3.0684 -0.239014 0.074551 -0.430153 -0.05061
0 8 10 21 0.971638 -0.0073843 0.23202 -0.0450757 0.28516 -2.73827 -0.282142 0.059234 -0.428709 -0.051481
0 8 10 21 0.976238 -0.00333048 0.213095 -0.0392351 0.146463 -2.50285 -0.288683 0.050264 -0.432953 -0.049362
0 8 10 21 0.980723 0.0022709 0.192456 -0.0337496 0.131586 -2.29969 -0.370002 0.048954 -0.431842 -0.051017
0 8 10 21 0.984311 0.00760067 0.173883 -0.0289692 -0.00445603 -2.07173 -0.332915 0.043181 -0.437072 -0.050149
0 8 10 21 0.98793 0.0153674 0.152418 -0.0229647 -0.164967 -1.91973 -0.362029 0.046367 -0.439966 -0.049947
0 8 10 21 0.990798 0.0243905 0.131989 -0.0174222 -0.205905 -1.61833 -0.344039 0.037173 -0.432533 -0.048811
0 8 10 21 0.992633 0.0316031 0.115931 -0.0154915 -0.276161 -1.48458 -0.459468 0.038154 -0.435734 -0.048693
0 8 10 21 0.994042 0.0385046 0.100512 -0.0171937 -0.36896 -1.35456 -0.362406 0.037544 -0.435217 -0.053553
0 8 10 21 0.99493 0.0443756 0.0889542 -0.0152313 -0.500983 -1.16881 -0.29293 0.027365 -0.439683 -0.049978
0 8 10 21 0.995509 0.0480924 0.0806241 -0.0122186 -0.544258 -1.01648 -0.249381 0.018605 -0.444156 -0.048653
0 8 10 21 0.99608 0.0511263 0.071322 -0.0111528 -0.680209 -0.782639 -0.234482 0.012455 -0.446182 -0.050358
0 8 10 21 0.996525 0.0536804 0.0631537 -0.00823086 -0.772705 -0.719586 -0.162355 0.011175 -0.4519 -0.050162
0 8 10 21 0.996878 0.0565913 0.0550369 -0.00135298 -0.802581 -0.520086 -0.263307 0.001904 -0.452513 -0.045885
0 8 10 21 0.997187 0.0597138 0.0452406 0.00244288 -0.795331 -0.536686 -0.271927 0.008801 -0.452403 -0.049179
0 8 10 21 0.997362 0.0627629 0.0360108 0.00569834 -0.76841 -0.335304 -0.370505 -0.001214 -0.445723 -0.051349
0 8 10 21 0.997429 0.0649896 0.0280549 0.0111932 -0.794751 -0.311495 -0.30276 0.002365 -0.446367 -0.049471
0 8 10 22 0.997451 0.0660997 0.0197057 0.018252 -0.759121 -0.139689 -0.308956 -0.006156 -0.447222 -0.047171
0 8 10 22 0.997473 0.0667475 0.0114972 0.0214505 -0.836197 -0.0942851 -0.337552 -0.00417 -0.447378 -0.05064
0 8 10 22 0.997444 0.067101 0.00425762 0.0241799 -0.834353 -0.0731279 -0.352034 0.000334 -0.44945 -0.049843
0 8 10 22 0.997337 0.06695 -0.00274339 0.0288072 -0.841013 0.075679 -0.401608 -0.007257 -0.453094 -0.04593
0 8 10 22 0.997294 0.0670597 -0.00804944 0.0290168 -0.884584 0.0182711 -0.326487 0.002776 -0.449972 -0.05234
0 8 10 22 0.997155 0.0675014 -0.0104113 0.031878 -0.877828 0.115177 -0.383337 -0.003488 -0.452183 -0.047024
0 8 10 22 0.996906 0.0690182 -0.011533 0.0357978 -0.80388 0.222277 -0.477649 -0.01265 -0.444415 -0.049694
0 8 10 22 0.996762 0.0702227 -0.0116789 0.0373884 -0.766859 0.161914 -0.589111 -0.007004 -0.443831 -0.051425
0 8 10 22 0.996538 0.0703257 -0.0111284 0.0429233 -0.868142 0.236892 -0.530495 -0.014038 -0.445881 -0.046661
0 8 10 22 0.996558 0.0696264 -0.00945611 0.0439908 -0.829392 0.0884985 -0.380603 -0.000715 -0.448387 -0.050684
0 8 10 22 0.996457 0.0681177 -0.00642825 0.0489 -0.799636 0.21296 -0.403826 -0.013275 -0.444895 -0.047808
0 8 10 22 0.996416 0.066562 -0.0033413 0.0520951 -0.755192 0.250031 -0.392543 -0.019398 -0.445166 -0.047992
0 8 10 22 0.996507 0.064021 -0.000805845 0.0536163 -0.819676 0.162363 -0.397498 -0.013477 -0.450946 -0.050295
0 8 10 22 0.996351 0.0617191 0.000573077 0.0589481 -0.764655 0.233344 -0.372572 -0.01865 -0.448857 -0.048402
0 8 10 22 0.996251 0.0599955 0.000778691 0.0623133 -0.789825 0.185665 -0.348848 -0.015936 -0.452614 -0.048615
0 8 10 22 0.996227 0.0586058 0.00048593 0.0640036 -0.801999 0.204642 -0.326495 -0.01442 -0.451595 -0.049234
0 8 10 22 0.99614 0.0578161 0.000136496 0.0660432 -0.760966 0.159795 -0.388209 -0.011885 -0.451769 -0.047814
0 8 10 22 0.996169 0.0576124 3.48894e-05 0.0657938 -0.737364 0.108541 -0.3791 -0.007224 -0.449524 -0.049674
0 8 10 22 0.99615 0.0573628 0.00104027 0.0662788 -0.732012 0.08949 -0.364524 -0.008249 -0.449825 -0.048758
0 8 10 22 0.996131 0.0573884 0.00291128 0.0664845 -0.723651 0.0523563 -0.386226 -0.005022 -0.448429 -0.050002
0 8 10 22 0.996094 0.0572476 0.00563432 0.0669839 -0.697326 -0.0218582 -0.32471 -0.003716 -0.444843 -0.051267
0 8 10 22 0.995826 0.0560867 0.00948099 0.0713807 -0.750185 -0.0118738 -0.318474 -0.004822 -0.45032 -0.04635
0 8 10 22 0.995771 0.0554382 0.0140042 0.0719136 -0.698668 -0.0710404 -0.355608 -0.002958 -0.447633 -0.049382
0 8 10 22 0.995771 0.055125 0.0183806 0.0711616 -0.643893 -0.248914 -0.376225 0.004969 -0.441486 -0.049491
0 8 10 22 0.995674 0.054022 0.0246778 0.0714605 -0.546078 -0.318795 -0.482588 0.008669 -0.439309 -0.049642
0 8 10 22 0.995598 0.0517311 0.0332804 0.070711 -0.575293 -0.443851 -0.409304 0.014247 -0.439989 -0.050273
0 8 10 22 0.99543 0.0493952 0.0412441 0.0705518 -0.564704 -0.527745 -0.360817 0.015012 -0.441876 -0.049036
0 8 10 22 0.995127 0.0454647 0.053814 0.0689875 -0.530304 -0.618927 -0.339951 0.01409 -0.441529 -0.050003
0 8 10 22 0.994679 0.0408962 0.0673628 0.0663553 -0.563395 -0.68189 -0.263236 0.00695 -0.446892 -0.049311
0 8 10 22 0.994127 0.0376598 0.0781498 0.0646933 -0.576912 -0.729245 -0.232579 0.0031 -0.449916 -0.04675
0 8 10 23 0.993688 0.0355616 0.0876292 0.0603317 -0.531423 -0.76209 -0.246471 -0.000699 -0.446128 -0.050489
0 8 10 23 0.993495 0.0350632 0.0928554 0.0558289 -0.553374 -0.845099 -0.32201 0.004018 -0.448613 -0.050248
0 8 10 23 0.993525 0.0356388 0.0941603 0.0526412 -0.464949 -1.06793 -0.423721 0.023759 -0.439995 -0.0485
0 8 10 23 0.993692 0.0354 0.0961401 0.0456077 -0.451988 -1.47155 -0.356464 0.05141 -0.436551 -0.053407
0 8 10 23 0.993178 0.0337217 0.102712 0.0437122 -0.447468 -1.48855 -0.311245 0.050013 -0.439752 -0.050764
0 8 10 23 0.992001 0.0310968 0.114098 0.0441552 -0.312899 -1.53721 -0.316039 0.043604 -0.434449 -0.048344
0 8 10 23 0.990158 0.0266734 0.130579 0.042719 -0.246908 -1.70241 -0.250954 0.04405 -0.432539 -0.051543
0 8 10 23 0.987753 0.0215039 0.148534 0.0426496 -0.212262 -1.88387 -0.247707 0.045069 -0.433622 -0.052065
0 8 10 23 0.985244 0.0171204 0.164515 0.0439961 -0.274125 -2.20164 -0.238098 0.059436 -0.44013 -0.050738
0 8 10 23 0.981688 0.013101 0.184175 0.0468697 -0.18008 -2.47842 -0.297658 0.068054 -0.437394 -0.048976
0 8 10 23 0.977367 0.00959349 0.205812 0.0479824 -0.136747 -2.73406 -0.382924 0.075481 -0.437247 -0.049177
0 8 10 23 0.972817 0.00695662 0.226734 0.0465926 -0.203489 -3.14655 -0.342283 0.095403 -0.439678 -0.050888
0 8 10 23 0.965772 0.00568909 0.255285 0.0456307 -0.0711636 -3.30281 -0.299871 0.088033 -0.430957 -0.048748
0 8 10 23 0.956991 0.00390068 0.286775 0.0437401 0.0651411 -3.57289 -0.231487 0.09113 -0.421881 -0.046685
0 8 10 23 0.948278 -0.00140929 0.315499 0.035023 0.0915777 -4.13138 -0.159555 0.117845 -0.422703 -0.057356
0 8 10 23 0.935556 -0.00676686 0.351705 0.0315051 0.0464857 -4.27732 -0.0204828 0.104669 -0.42893 -0.051343
0 8 10 23 0.921448 -0.00999731 0.386802 0.0349015 -0.0548114 -4.53971 0.136662 0.106844 -0.4406 -0.0453
0 8 10 23 0.911027 -0.0137488 0.410903 0.0316184 0.0701783 -4.65257 0.0841342 0.098789 -0.431529 -0.052672
0 8 10 23 0.897997 -0.0171403 0.438846 0.0268541 0.104988 -4.90991 0.0966552 0.107247 -0.430234 -0.050001
0 8 10 23 0.886798 -0.0173028 0.461129 0.0254891 0.0992344 -5.29139 0.16663 0.131178 -0.432027 -0.050907
0 8 10 23 0.876854 -0.0174203 0.479871 0.0233795 0.204598 -5.38481 0.0714706 0.128854 -0.425132 -0.052314
0 8 10 23 0.865079 -0.0163819 0.500827 0.0232913 0.15575 -5.63959 0.103187 0.144192 -0.425103 -0.052138
0 8 10 23 0.852402 -0.0138156 0.522066 0.0258094 0.264338 -5.7289 0.0788368 0.139079 -0.415958 -0.051303
0 8 10 23 0.840418 -0.0130567 0.541061 0.0279393 0.188121 -5.92266 -0.0223803 0.14564 -0.421482 -0.052013
0 8 10 23 0.825952 -0.0125052 0.562728 0.0313651 0.152597 -6.02027 -0.0501298 0.143744 -0.421178 -0.050089
0 8 10 23 0.810973 -0.0117059 0.58391 0.035137 0.152742 -6.12979 0.0939781 0.147764 -0.412766 -0.05247
0 8 10 23 0.799983 -0.0126071 0.598601 0.0392988 -0.132875 -6.38552 -0.0181219 0.16194 -0.440132 -0.051106
0 8 10 23 0.784161 -0.0114799 0.618689 0.0467288 -0.115888 -6.40661 -0.0611028 0.158084 -0.437403 -0.046382
0 8 10 23 0.767823 -0.0120919 0.638793 0.0473867 -0.158221 -6.62332 0.0133654 0.172112 -0.429979 -0.055376
0 8 10 23 0.752107 -0.0103584 0.657013 0.0506126 -0.2461 -6.61958 -0.0322336 0.170275 -0.43989 -0.048672
0 8 10 24 0.732396 -0.00639375 0.678722 0.0537771 -0.0724768 -6.46915 0.0469079 0.149266 -0.417467 -0.050371
0 8 10 24 0.714288 -0.00590305 0.69764 0.0552847 -0.383924 -6.66911 0.0570106 0.167921 -0.439106 -0.053275
0 8 10 24 0.698621 -0.0027781 0.712945 0.0602526 -0.490704 -6.59364 0.0570189 0.161988 -0.446553 -0.046532
0 8 10 24 0.680388 0.000959799 0.730138 0.0630053 -0.619866 -6.71738 0.194522 0.167532 -0.446414 -0.050971
0 8 10 24 0.662317 0.00622655 0.746287 0.065977 -0.671729 -6.69319 0.273604 0.168916 -0.44304 -0.049843
0 8 10 24 0.64673 0.0113448 0.759397 0.0701995 -0.837916 -6.68707 0.299541 0.172603 -0.454577 -0.049991
0 8 10 24 0.62796 0.017541 0.774435 0.0748906 -1.04252 -6.62512 0.186664 0.170629 -0.464953 -0.048727
0 8 10 24 0.609896 0.0244117 0.788338 0.0771595 -1.04393 -6.52946 0.174333 0.167117 -0.458997 -0.048554
0 8 10 24 0.590318 0.0313908 0.802872 0.0770409 -0.817011 -6.30219 0.233148 0.155058 -0.437332 -0.050513
0 8 10 24 0.567497 0.0385865 0.818795 0.0776761 -0.817226 -6.15017 0.234882 0.149932 -0.434416 -0.050012
0 8 10 24 0.544665 0.0446676 0.833564 0.0807181 -1.00344 -6.00758 0.224108 0.143808 -0.445205 -0.049804
0 8 10 24 0.524955 0.0480795 0.845613 0.0839578 -1.11198 -5.87907 0.16729 0.140254 -0.45047 -0.050281
0 8 10 24 0.502572 0.0505294 0.858626 0.0873511 -1.1551 -5.70242 0.143882 0.138256 -0.450764 -0.049174
0 8 10 24 0.47879 0.0532695 0.871544 0.0912873 -1.36624 -5.64365 0.136956 0.139381 -0.460295 -0.051839
0 8 10 24 0.456786 0.0591464 0.882438 0.0956608 -1.41641 -5.30612 0.134283 0.122887 -0.462896 -0.044704
0 8 10 24 0.435918 0.0619231 0.892594 0.09704 -1.36807 -5.12778 0.090402 0.116561 -0.454395 -0.051083
0 8 10 24 0.411009 0.0636608 0.904051 0.09854 -1.59635 -5.0381 0.0659043 0.12597 -0.469426 -0.052459
0 8 10 24 0.393096 0.069916 0.911224 0.101281 -1.66058 -4.76004 0.0475653 0.110329 -0.472872 -0.047057
0 8 10 24 0.369186 0.0771017 0.920468 0.102446 -1.68719 -4.56238 0.115714 0.104942 -0.469994 -0.048298
0 8 10 24 0.346792 0.0816948 0.928841 0.101566 -1.69446 -4.44615 0.0925308 0.109669 -0.472193 -0.051983
0 8 10 24 0.326328 0.0894133 0.935559 0.10122 -1.64364 -4.12633 0.178092 0.093873 -0.468631 -0.046092
0 8 10 24 0.304097 0.0954235 0.942684 0.0988259 -1.64554 -4.00167 0.134265 0.097517 -0.464553 -0.049497
0 8 10 24 0.283004 0.0982334 0.949207 0.0962603 -1.69094 -3.68516 0.197396 0.086594 -0.469033 -0.050562
0 8 10 24 0.264772 0.10411 0.953956 0.0950039 -1.6869 -3.48647 0.249975 0.081052 -0.476309 -0.047415
0 8 10 24 0.244619 0.107105 0.959363 0.0911786 -1.61289 -3.32105 0.178291 0.081137 -0.462627 -0.050313
0 8 10 24 0.223204 0.1113 0.964436 0.0874974 -1.51719 -3.11667 0.188448 0.079188 -0.464268 -0.050121
0 8 10 24 0.202524 0.115805 0.96882 0.0834364 -1.31166 -2.89953 0.201158 0.076386 -0.450322 -0.049013
0 8 10 24 0.177232 0.117941 0.973836 0.0795168 -1.2096 -2.48993 0.202432 0.056062 -0.444648 -0.051232
0 8 10 24 0.154816 0.120738 0.977479 0.0773867 -1.21115 -2.14696 0.281687 0.046815 -0.451195 -0.046433
0 8 10 24 0.13322 0.118494 0.981095 0.0752549 -1.02699 -1.78244 0.23301 0.024463 -0.438252 -0.050951
0 8 10 25 0.111477 0.114676 0.984329 0.0742887 -1.14085 -1.43133 0.155419 0.018836 -0.453613 -0.046965
0 8 10 25 0.0933066 0.109353 0.986882 0.0734774 -1.24536 -1.25327 0.153184 0.011522 -0.457676 -0.051165
0 8 10 25 0.0807689 0.105893 0.988464 0.0721211 -1.08182 -1.00125 0.0858246 9e-06 -0.450469 -0.051469
0 8 10 25 0.0700008 0.104721 0.989563 0.0699936 -1.21766 -1.09952 0.100832 0.020613 -0.461427 -0.049446
0 8 10 25 0.0597557 0.104386 0.990522 0.0663182 -1.06623 -0.957026 0.0475326 0.013197 -0.449661 -0.05229
0 8 10 25 0.050451 0.106493 0.991061 0.0625507 -1.01089 -0.956127 0.104004 0.021787 -0.450711 -0.047423
0 8 10 25 0.0377626 0.106414 0.991945 0.0574095 -0.885238 -0.920369 0.0333985 0.02674 -0.444244 -0.052498
0 8 10 25 0.0209904 0.106541 0.992682 0.0528348 -0.631452 -0.530369 0.129273 0.006234 -0.427797 -0.051074
0 8 10 25 0.00731395 0.106622 0.992979 0.0507053 -0.593244 -0.31482 0.161451 -0.000603 -0.435268 -0.049442
0 8 10 25 -0.011943 0.10302 0.993412 0.0487448 -0.427962 0.0959342 0.142758 -0.02268 -0.420364 -0.050004
0 8 10 25 -0.0293922 0.0970738 0.993621 0.0492914 -0.487317 0.3876 0.104558 -0.03293 -0.426608 -0.049307
0 8 10 25 -0.0418719 0.089971 0.99373 0.0515081 -0.638783 0.586641 0.112217 -0.041077 -0.436142 -0.047892
0 8 10 25 -0.0525451 0.0787589 0.99398 0.0551296 -0.751908 0.737622 0.0296155 -0.043512 -0.438735 -0.054908
0 8 10 25 -0.0603462 0.0755979 0.993532 0.0594786 -0.871559 0.872213 -0.00387191 -0.049578 -0.455052 -0.04794
0 8 10 25 -0.0643924 0.0759348 0.993158 0.0610227 -0.951244 0.792202 -0.026327 -0.039248 -0.459173 -0.048204
0 8 10 25 -0.0670819 0.0736955 0.993209 0.0600381 -0.745017 0.823812 -0.00197218 -0.039656 -0.438887 -0.052356
0 8 10 25 -0.0690134 0.0754155 0.993032 0.0586311 -0.701021 0.761846 0.0278737 -0.034114 -0.441687 -0.047599
0 8 10 25 -0.0698851 0.0752529 0.99307 0.0571352 -0.558739 0.724616 -0.0188673 -0.032834 -0.429603 -0.05192
0 8 10 25 -0.0710316 0.0735968 0.993176 0.0560349 -0.613713 0.74415 -0.0787381 -0.032041 -0.435059 -0.051013
0 8 10 25 -0.0731568 0.0744661 0.992969 0.0558158 -0.69202 0.791236 -0.0639738 -0.032116 -0.441931 -0.049858
0 8 10 25 -0.075507 0.0740599 0.992856 0.0552358 -0.673983 0.82679 0.00944653 -0.03341 -0.439173 -0.050264
0 8 10 25 -0.0781996 0.0732679 0.992752 0.0544151 -0.766166 0.80453 -0.0124476 -0.031519 -0.447503 -0.049475
0 8 10 25 -0.0816187 0.0729079 0.992625 0.0521322 -0.672187 0.805199 0.0368949 -0.030859 -0.438296 -0.049904
0 8 10 25 -0.0845742 0.0716058 0.992588 0.04989 -0.547592 0.88252 0.00093477 -0.034729 -0.429572 -0.051708
0 8 10 25 -0.0879656 0.0722128 0.992315 0.0485629 -0.498044 0.970334 0.0324017 -0.041168 -0.430633 -0.049066
0 8 10 25 -0.0897593 0.072333 0.992163 0.0482015 -0.525217 0.965117 0.03251 -0.039651 -0.431044 -0.051592
0 8 10 25 -0.0900729 0.0718254 0.992135 0.048952 -0.629837 1.04816 0.085207 -0.043996 -0.438699 -0.049895
0 8 10 25 -0.0892889 0.0721612 0.992157 0.0494525 -0.594159 0.968531 0.026141 -0.041146 -0.440075 -0.05077
0 8 10 25 -0.0867352 0.0713258 0.992462 0.0490725 -0.582904 0.949273 0.0138126 -0.041389 -0.43653 -0.051564
0 8 10 25 -0.0838508 0.0719118 0.992689 0.0486475 -0.529812 0.92592 0.0155665 -0.042486 -0.43827 -0.048631
0 8 10 26 -0.0783264 0.0711478 0.993223 0.0480713 -0.521645 0.801873 -0.0517749 -0.034731 -0.432564 -0.050661
0 8 10 26 -0.0722166 0.0705678 0.993725 0.0481105 -0.621946 0.708421 0.0653795 -0.028343 -0.440046 -0.04956
0 8 10 26 -0.0673854 0.0708648 0.994054 0.0479001 -0.472914 0.743681 0.125345 -0.037581 -0.433706 -0.049766
0 8 10 26 -0.0607471 0.068697 0.994659 0.0473703 -0.468006 0.670819 0.070923 -0.037255 -0.433146 -0.05044
0 8 10 26 -0.0512743 0.0656848 0.99538 0.0476947 -0.581527 0.579831 0.0198396 -0.034535 -0.438476 -0.049613
0 8 10 26 -0.0411412 0.063483 0.995972 0.0481421 -0.582021 0.440603 0.118195 -0.034067 -0.437076 -0.050105
0 8 10 26 -0.0278925 0.0622089 0.996491 0.0485652 -0.602272 0.27892 0.0718937 -0.031863 -0.434933 -0.050303
0 8 10 26 -0.00547805 0.061289 0.996799 0.0510514 -0.670507 -0.0868547 0.189844 -0.015512 -0.443882 -0.050245
0 8 10 26 0.0112262 0.0621708 0.996594 0.0530011 -0.690452 -0.357847 0.0618028 -0.008407 -0.447092 -0.050481
0 8 10 26 0.0345674 0.0659273 0.995714 0.0548788 -0.781481 -0.756841 0.12134 0.011782 -0.447749 -0.0485
0 8 10 26 0.0576249 0.0676203 0.994469 0.0560219 -0.871681 -1.16763 0.12194 0.027356 -0.450904 -0.050611
0 8 10 26 0.076185 0.0696834 0.993036 0.0567417 -0.749204 -1.28554 0.198545 0.018903 -0.444295 -0.050512
0 8 10 26 0.0983585 0.071346 0.990904 0.0578296 -0.753571 -1.51428 0.201731 0.024569 -0.44042 -0.047461
0 8 10 26 0.122506 0.0675207 0.988351 0.0599587 -0.779835 -1.80129 0.122554 0.028945 -0.441566 -0.053422
0 8 10 26 0.145491 0.0682206 0.985019 0.0625805 -0.962824 -2.0425 0.256861 0.037759 -0.451752 -0.044827
0 8 10 26 0.174358 0.0665607 0.980234 0.0656554 -1.08709 -2.51256 0.059777 0.05916 -0.470363 -0.050017
0 8 10 26 0.200377 0.0656319 0.975467 0.0632951 -1.35775 -2.6971 0.20764 0.059707 -0.483788 -0.05036
0 8 10 26 0.221271 0.072471 0.970795 0.0578304 -1.1372 -2.87828 0.417569 0.053724 -0.459982 -0.04663
0 8 10 26 0.245092 0.0765369 0.965086 0.0517837 -0.637588 -3.25363 0.371388 0.064432 -0.429765 -0.051267
0 8 10 26 0.277059 0.0796199 0.956426 0.0463554 -0.545646 -3.62515 0.316063 0.069176 -0.432366 -0.051112
0 8 10 26 0.308832 0.0816861 0.946567 0.0442914 -0.69413 -4.42263 0.420923 0.112161 -0.428703 -0.05174
0 8 10 26 0.346564 0.0796497 0.933433 0.0474562 -0.852905 -4.89959 0.213577 0.124975 -0.449686 -0.05017
0 8 10 26 0.383892 0.0776153 0.918634 0.0521041 -1.09707 -5.14854 0.395876 0.132674 -0.466269 -0.045943
0 8 10 26 0.417346 0.0727413 0.904251 0.0534894 -1.10766 -5.41054 0.34318 0.129277 -0.460461 -0.053135
0 8 10 26 0.456714 0.0712003 0.885005 0.0557524 -1.22662 -5.65558 0.426686 0.133195 -0.472593 -0.042638
0 8 10 26 0.499589 0.0668227 0.861977 0.0542311 -0.957546 -6.22977 0.370934 0.176391 -0.453162 -0.051602
0 8 10 26 0.533566 0.0624655 0.841866 0.051645 -1.0199 -6.36262 0.255391 0.16416 -0.467477 -0.05234
0 8 10 26 0.565416 0.0650293 0.820667 0.0508084 -0.74274 -6.50446 0.426839 0.177388 -0.443679 -0.04135
0 8 10 26 0.603263 0.0537668 0.794749 0.0394549 -0.350123 -7.01179 0.170552 0.202164 -0.425055 -0.058493
0 8 10 26 0.623074 0.0497121 0.779716 0.036744 -0.499082 -6.60383 0.197286 0.16162 -0.443647 -0.043389
0 8 10 27 0.648755 0.0428683 0.759137 0.0314667 -0.316378 -6.69463 0.312346 0.171057 -0.423078 -0.05109
0 8 10 27 0.674519 0.0292828 0.737256 0.024908 -0.436847 -6.76352 0.223738 0.163254 -0.44221 -0.052281
0 8 10 27 0.697903 0.0211542 0.715484 0.0238167 -0.625624 -6.64081 0.259564 0.16578 -0.466 -0.045734
0 8 10 27 0.724249 0.0130528 0.689171 0.0183278 -0.25291 -6.67253 0.143844 0.163054 -0.435627 -0.055246
0 8 10 27 0.749274 0.0108999 0.661957 0.0168043 -0.307635 -6.42929 0.206173 0.142607 -0.447216 -0.050501
0 8 10 27 0.772416 0.0122002 0.634743 0.0180463 -0.0838492 -6.61881 0.212306 0.182582 -0.42869 -0.047141
0 8 10 27 0.789824 0.00727786 0.613169 0.0122227 0.201304 -6.64722 0.0332594 0.182009 -0.411888 -0.056727
0 8 10 27 0.812387 0.00297513 0.582949 0.0137259 -0.0184549 -6.03326 -0.050642 0.138028 -0.433805 -0.049067
0 8 10 27 0.827752 -0.000402547 0.560874 0.0156818 0.0349855 -5.80024 -0.0759893 0.126684 -0.437148 -0.047648
0 8 10 27 0.843695 -0.00494044 0.536648 0.012744 0.0146648 -5.67361 -0.0496349 0.122558 -0.438357 -0.054231
0 8 10 27 0.863362 -0.00357 0.504385 0.0137492 -0.206508 -5.27132 -0.0305956 0.107641 -0.452075 -0.050178
0 8 10 27 0.881746 0.00266796 0.471451 0.0158351 -0.233714 -5.02406 -0.0706947 0.100642 -0.454491 -0.049019
0 8 10 27 0.903718 0.0141033 0.427584 0.0163276 -0.19137 -4.74766 -0.0763183 0.106489 -0.438574 -0.04824
0 8 10 27 0.924376 0.0265369 0.380254 0.0152487 -0.281134 -4.63603 -0.214414 0.12097 -0.431222 -0.053926
0 8 10 27 0.939302 0.0374506 0.340453 0.0200406 -0.437043 -4.09643 -0.229446 0.107927 -0.44047 -0.046942
0 8 10 27 0.952967 0.0461773 0.298618 0.0234389 -0.46723 -3.67993 -0.305904 0.095486 -0.435738 -0.048347
0 8 10 27 0.963599 0.0511095 0.261408 0.0230207 -0.407029 -3.13468 -0.415639 0.076716 -0.430517 -0.051036
0 8 10 27 0.971197 0.0528627 0.231156 0.0234334 -0.572272 -2.75403 -0.318091 0.067745 -0.441419 -0.050969
0 8 10 27 0.978193 0.0535485 0.19908 0.0252646 -0.640042 -2.35371 -0.378647 0.052034 -0.448449 -0.047998
0 8 10 27 0.983772 0.0544344 0.16925 0.024171 -0.67345 -1.97458 -0.37378 0.037748 -0.450928 -0.047367
0 8 10 27 0.987397 0.0553527 0.146969 0.0195624 -0.645136 -1.71069 -0.398208 0.038517 -0.445554 -0.053511
0 8 10 27 0.991146 0.0579143 0.117989 0.0188256 -0.631 -1.19562 -0.436928 0.013592 -0.443121 -0.049939
0 8 10 27 0.993901 0.0612893 0.0888312 0.0226449 -0.807159 -0.912369 -0.443856 0.013716 -0.455437 -0.044502
0 8 10 27 0.995661 0.0647898 0.0641035 0.018747 -0.953903 -0.884893 -0.2955 0.029097 -0.460846 -0.053096
0 8 10 27 0.996424 0.0716986 0.0391709 0.0215574 -1.13909 -0.5501 -0.294806 0.019359 -0.465059 -0.047368
0 8 10 27 0.996252 0.0799402 0.0189007 0.0270979 -1.1252 -0.336482 -0.107575 0.016324 -0.461793 -0.044549
0 8 10 27 0.995905 0.0864902 0.00559246 0.0257123 -1.05338 -0.147153 -0.107015 0.008952 -0.450592 -0.047788
0 8 10 27 0.99546 0.0924729 -0.00548407 0.0218646 -1.07017 0.0401711 -0.1935 0.002592 -0.444371 -0.051607
0 8 10 27 0.995183 0.0948403 -0.0131505 0.0210351 -0.962394 0.210155 -0.112189 -0.007798 -0.439967 -0.049971
0 8 10 27 0.995221 0.0934768 -0.0181714 0.0215956 -0.884726 0.418794 -0.11151 -0.019525 -0.435525 -0.049348
0 8 10 28 0.995505 0.0896049 -0.022688 0.0206388 -0.927509 0.430656 -0.188524 -0.017371 -0.438379 -0.05122
0 8 10 28 0.996 0.0825325 -0.0264693 0.0217129 -0.942928 0.420532 -0.177669 -0.014524 -0.445098 -0.050511
0 8 10 28 0.996503 0.0747005 -0.0283996 0.024387 -1.02286 0.446186 -0.304791 -0.013538 -0.458172 -0.047111
0 8 10 28 0.997077 0.0665624 -0.0280511 0.0249139 -1.03589 0.380615 -0.316943 -0.010143 -0.465609 -0.047071
0 8 10 28 0.997521 0.0612816 -0.0249991 0.0239125 -0.881957 0.430166 -0.380882 -0.018718 -0.455481 -0.049826
0 8 10 28 0.997757 0.0584747 -0.0219514 0.024059 -0.778127 0.432241 -0.371498 -0.020822 -0.448767 -0.050772
0 8 10 28 0.997877 0.0558588 -0.0192992 0.0273687 -0.733624 0.447006 -0.331948 -0.028126 -0.447165 -0.048676
0 8 10 28 0.997932 0.0532442 -0.0190732 0.0305379 -0.712495 0.434839 -0.295356 -0.026268 -0.448597 -0.048079
0 8 10 28 0.997912 0.0519848 -0.0217251 0.0315688 -0.82367 0.296564 -0.378419 -0.010605 -0.457092 -0.049448
0 8 10 28 0.997743 0.0523978 -0.0252284 0.0335718 -0.770676 0.335839 -0.462482 -0.00862 -0.453678 -0.048158
0 8 10 28 0.997593 0.0538611 -0.0269197 0.0343801 -0.671619 0.475914 -0.526517 -0.014065 -0.446323 -0.049489
0 8 10 28 0.997521 0.0553787 -0.0263073 0.0345304 -0.640566 0.526315 -0.573277 -0.016697 -0.442623 -0.050495
0 8 10 28 0.997421 0.0577397 -0.0219202 0.0365759 -0.627286 0.594095 -0.432287 -0.025419 -0.439281 -0.049219
0 8 10 28 0.997358 0.0594731 -0.0145083 0.0391004 -0.567693 0.571717 -0.368685 -0.038541 -0.431408 -0.051298
0 8 10 28 0.997372 0.0586751 -0.00971229 0.0413653 -0.739191 0.375335 -0.203232 -0.032038 -0.440384 -0.050337
0 8 10 28 0.997435 0.0547151 -0.00885211 0.045281 -0.934733 0.0798506 -0.0798674 -0.01252 -0.456437 -0.048228
0 8 10 28 0.99747 0.0501225 -0.011986 0.0489568 -0.955035 -0.0436044 -0.175016 0.001806 -0.469396 -0.047097
0 8 10 28 0.997417 0.0490566 -0.0158286 0.0500234 -0.913138 -0.0523945 -0.334104 0.008455 -0.467516 -0.047314
0 8 10 28 0.99731 0.0517089 -0.0188663 0.0483958 -0.767095 0.0417691 -0.450367 0.007658 -0.455005 -0.049413
0 8 10 28 0.997161 0.0559023 -0.018772 0.0468306 -0.613381 0.209011 -0.532683 -0.003666 -0.438761 -0.050045
0 8 10 28 0.9971 0.0581376 -0.0170921 0.0460479 -0.539843 0.351275 -0.597434 -0.013441 -0.436108 -0.051008
0 8 10 28 0.997116 0.058789 -0.0131349 0.0461623 -0.529642 0.371864 -0.493428 -0.019461 -0.436536 -0.049686
0 8 10 28 0.997146 0.0585061 -0.00875136 0.0469073 -0.532937 0.415872 -0.443364 -0.024512 -0.434314 -0.04887
0 8 10 28 0.997281 0.0575389 -0.00609561 0.045629 -0.590642 0.373958 -0.40343 -0.023297 -0.438769 -0.050621
0 8 10 28 0.997422 0.0557947 -0.00496306 0.04486 -0.66481 0.312485 -0.363515 -0.018685 -0.444096 -0.049574
0 8 10 28 0.997507 0.0545537 -0.0047728 0.0445011 -0.706112 0.262343 -0.369324 -0.01334 -0.44795 -0.049039
0 8 10 28 0.997571 0.0541234 -0.0048667 0.0435751 -0.735086 0.2413 -0.321225 -0.008552 -0.448729 -0.050916
0 8 10 28 0.997531 0.0544451 -0.00436052 0.0441454 -0.696655 0.263157 -0.315472 -0.010205 -0.444772 -0.050256
0 8 10 28 0.997484 0.0547063 -0.00380024 0.0449162 -0.68732 0.276621 -0.355815 -0.017282 -0.441981 -0.050192
0 8 10 28 0.997455 0.0540349 -0.00349719 0.0463871 -0.696812 0.28823 -0.363936 -0.018224 -0.44472 -0.04957
